2 9 21
4 12 25
2 9 21
4 12 25
2 9 21
4 12 25
2 9 21
4 12 25
2 9 21
4 12 25
2 9 21
4 12 25
2 9 21
4 12 25
2 9 21
4 12 25
2 9 21
4 12 25
2 9 21
4 12 25
2 9 21
4 12 25
2 9 21
4 12 25
2 9 21
4 12 25
2 9 21
4 12 25
2 9 21
4 12 25
2 9 21
4 12 25
2 9 21
4 12 25
2 9 21
4 12 25
2 9 21
4 12 25
2 9 21
4 12 25
2 9 21
4 12 25
2 9 21
4 12 25
2 9 21
4 12 25
2 9 21
4 12 25
2 9 21
4 12 25
2 9 21
4 12 25
2 9 21
4 12 25
2 9 21
4 12 25
2 9 21
4 12 25
2 9 21
4 12 25
2 9 21
4 12 25
2 9 21
4 12 25
2 9 21
4 12 25
2 9 21
4 12 25
2 9 21
4 12 25
